200 2 3 911456 1 1520 2 1760911644
-0.345427
-0.949017
-0.345358
1.1927
-1.34418
0.710513
0.0543389
2.00553
0.0161196
-0.766244
-0.204787
-1.3905
0.365791
-0.0256695
-0.20978
-0.0799782
0.809275
1.32113
0.604789
-1.44704
-1.14694
0.743378
0.629709
-0.653299
-1.24921
-0.595419
1.64927
0.2647
-0.931816
0.578251
-1.03678
0.111011
-0.285347
1.8356
0.98876
-1.17336
1.38918
-0.929923
-1.16563
0.661866
0.350388
-1.7949
-1.60611
-1.42942
-0.855099
1.43677
1.04928
1.2077
0.908697
-0.475841
1.72711
0.20625
0.687032
-0.514293
1.20977
-0.112529
-1.41733
-1.62777
-0.311663
1.04217
-0.202202
0.643338
-1.59618
-0.617483
-0.409331
-1.44068
1.56
-1.57816
2.02679
-0.987386
2.08996
-0.28062
-0.256966
-1.12604
-0.526499
-0.062489
0.708046
-0.614667
-0.0651143
-1.32571
-1.16644
0.101678
-0.199114
1.3465
-1.74642
0.224977
-0.491942
0.853279
-0.308195
0.41785
1.76065
-1.76112
0.828352
0.516927
1.88297
0.529851
1.06263
0.433279
-0.731733
-1.33595
0.490942
0.746686
-0.646833
-1.18798
1.79577
1.05719
0.0394414
0.285472
0.653721
-0.0428742
0.518804
-0.749945
2.88377
-0.0311677
-0.274842
1.14847
-0.661599
-1.90513
0.839385
0.842781
0.0351636
-0.31251
-1.04686
2.0305
-0.491352
-0.74282
-0.87551
-0.741535
-0.323198
-1.07119
-0.75352
0.351217
1.89129
-0.37645
-0.999169
0.71616
1.43447
-0.926944
-1.06789
1.15743
-1.06647
0.791381
-0.873998
-0.355315
0.423661
0.333191
-1.72466
0.533941
1.62798
0.8256
-1.11546
0.162295
0.760845
-0.0669417
0.304232
0.743716
-0.752661
-0.576323
-1.02794
1.58682
0.75863
-0.617001
-0.287235
-0.096645
-0.986228
1.61014
-0.194997
1.99708
2.51685
-0.748753
-0.869026
0.726477
-0.102575
1.84427
0.401682
0.85619
0.579997
0.367324
1.10768
-2.29828
-1.62192
0.1666
-0.437939
0.174839
0.723433
-0.535578
1.36662
0.44483
0.238849
-0.421156
0.0986182
0.61465
1.63389
-0.346152
-0.350725
-1.09456
-0.656271
-0.396504
-1.19317
-0.844109
