180 2 3 911445 1 1494 2 1760911574
1.3193
0.884886
0.299494
-1.16804
0.259114
-1.55081
-0.305847
-0.472121
0.219385
1.69102
-0.479153
0.639571
-0.715301
-1.00896
0.136381
0.650999
0.938926
0.164636
-0.0412319
0.511581
0.274026
0.392884
-0.928178
1.50182
-0.094561
0.096387
0.213474
0.128798
-0.187196
-0.818284
-1.06664
-1.2878
0.208697
1.69473
-0.731852
-0.169309
0.729016
-1.26808
1.13756
-0.299371
1.07485
-0.161282
-0.208356
-0.86216
0.258996
0.786716
1.44611
0.789548
-1.12682
1.35278
2.14747
0.21286
-0.973343
-0.542231
-1.87388
-1.22287
1.3023
-1.36298
-0.137369
-1.21601
1.68538
0.036294
0.0343493
-0.129849
-0.866041
-1.59891
-0.711051
0.654645
-0.118621
0.684126
-0.612232
0.0986848
0.0835519
-0.357749
0.815484
0.474523
1.42211
0.523994
-0.0859823
-1.01585
-2.13202
0.891177
1.55967
0.428496
-0.422232
1.46644
-0.277224
-0.507179
0.695668
0.328954
-0.586687
2.38268
-1.15276
0.521509
-0.734926
0.346424
1.67751
0.197267
-0.3069
0.734074
-1.11163
0.581937
-0.221415
0.749316
0.61171
0.519918
-0.377188
1.98978
-0.290249
-1.09941
0.495351
-0.0205404
1.17479
-1.02645
1.11993
0.0497867
-0.537562
-0.32089
0.798077
0.480241
-0.0304545
1.38026
-1.28175
-1.24019
-0.287241
-0.235972
1.09344
2.81968
0.512975
0.378098
0.502334
1.64487
-1.64701
-0.366116
0.156046
1.27447
0.181406
-0.208187
0.28837
0.835319
1.45116
-1.17212
1.22238
-0.489228
0.71821
-1.15183
0.443867
0.465126
0.964458
0.726396
0.200476
0.722045
0.669842
0.158471
0.358113
-0.0549017
0.0498183
-1.58326
0.549724
1.17601
-0.88466
0.0166157
-1.35095
0.0511816
-0.729539
1.18039
0.643889
-1.33561
0.514576
0.156403
0.372824
1.00237
0.232721
-2.02669
1.72832
0.537289
0.544742
-0.665937
1.77935
1.33277
