180 2 3 911440 1 1491 2 1760911563
0.474963
0.494771
0.807589
-1.28723
-0.0331214
-0.290569
0.326378
0.382966
-1.25779
-0.647997
-0.577222
-0.556355
-1.33824
-0.111044
0.713666
-1.20672
0.0826012
0.13685
1.74386
-0.261185
0.812943
-0.312998
0.937882
1.36514
1.35836
-1.42764
-1.81229
0.929594
-0.193802
0.336389
-2.14178
-1.71405
-2.27598
-0.773641
-0.0428363
-0.87485
1.45974
-0.0643742
-0.423209
-1.92303
0.439126
-1.59537
-0.121467
0.383184
-0.347963
-0.57769
0.421189
0.200275
-0.191248
-0.854868
-1.75834
2.62997
2.0923
-0.74749
-0.0510243
-1.48043
1.07252
-0.841884
1.35939
2.07601
0.520097
-0.78877
-0.372389
-0.68283
0.121875
-1.24722
-0.958968
0.331478
-1.21304
-0.487457
1.79254
1.22372
-0.8645
-0.0661311
-0.799984
0.138731
0.958233
1.15887
-0.888124
1.48727
-0.10154
-0.128463
0.87604
0.369746
-0.97721
0.40854
0.0522567
0.672233
-0.724949
0.211913
0.876364
1.92369
0.189291
0.355291
-0.24565
-0.843062
-1.12633
1.21436
0.932843
-1.41811
0.474701
0.31648
-0.473142
-0.804452
0.119672
-0.176089
0.527264
0.56711
-0.725415
0.0958018
-1.63661
-0.476471
0.523729
0.0834986
-0.964742
0.32196
0.268203
-0.20334
0.580839
-1.50444
-0.429989
-0.0421353
0.257734
0.0192174
1.24265
-0.0962415
0.874457
-0.262529
-0.548886
0.180996
-0.745523
-0.114142
-1.29088
-0.574341
-1.13091
0.177234
1.56783
0.754095
0.364139
-0.689969
0.336345
0.121391
0.474383
0.865872
0.795652
2.28761
-2.40217
-0.314878
-0.922537
-0.608977
-1.31017
-0.561599
-0.277248
-0.67334
1.05334
-0.633365
-0.811042
0.109014
-2.18325
-0.367238
0.542529
0.74018
-1.50991
0.575415
0.268146
0.579866
1.88541
-0.234616
1.93203
-1.91128
-1.15742
-0.479846
-0.0433748
0.550129
0.0619601
0.429419
0.495674
0.846859
-0.0819517
1.21328
