180 2 3 270 1 270 1749676300
26 61 1
151 140 1
84 127 1
134 104 1
103 43 1
136 138 1
142 54 1
153 160 1
136 130 1
115 43 1
133 92 1
47 9 1
56 86 1
5 15 1
16 121 1
5 102 1
57 39 1
108 39 1
94 123 1
76 27 1
28 144 1
89 11 1
171 154 1
170 176 1
151 87 1
31 119 1
20 163 1
1 81 1
81 42 1
100 66 1
105 58 1
78 103 1
70 75 1
40 47 1
120 134 1
22 149 1
82 61 1
91 127 1
46 55 1
27 157 1
170 101 1
40 97 1
51 80 1
125 167 1
133 57 1
75 129 1
21 42 1
54 45 1
33 13 1
11 102 1
139 92 1
30 142 1
22 91 1
159 136 1
176 70 1
88 73 1
59 42 1
45 53 1
60 109 1
60 129 1
2 58 1
88 18 1
64 3 1
87 37 1
62 2 1
33 17 1
147 161 1
174 125 1
149 82 1
14 70 1
107 83 1
125 68 1
35 110 1
157 37 1
44 132 1
25 84 1
150 73 1
168 146 1
139 54 1
4 74 1
16 102 1
2 20 1
156 96 1
116 46 1
72 115 1
67 41 1
120 118 1
93 49 1
17 18 1
40 64 1
77 120 1
179 166 1
166 73 1
85 98 1
98 158 1
154 116 1
114 100 1
69 80 1
15 94 1
118 173 1
109 67 1
119 23 1
167 152 1
155 52 1
110 18 1
172 147 1
105 30 1
165 99 1
78 89 1
4 109 1
163 107 1
72 140 1
41 154 1
79 8 1
130 78 1
95 160 1
122 118 1
113 123 1
68 34 1
4 87 1
50 86 1
121 69 1
110 146 1
144 165 1
155 75 1
62 39 1
162 38 1
34 55 1
5 108 1
148 128 1
97 138 1
52 128 1
153 76 1
174 22 1
165 112 1
82 7 1
163 126 1
111 164 1
114 59 1
77 85 1
16 97 1
34 98 1
17 65 1
30 124 1
77 103 1
104 149 1
46 114 1
135 51 1
41 158 1
96 153 1
131 11 1
28 117 1
164 92 1
111 64 1
112 53 1
47 169 1
3 169 1
6 112 1
171 106 1
116 101 1
126 36 1
36 162 1
31 127 1
148 79 1
113 141 1
138 65 1
33 178 1
26 175 1
108 170 1
83 119 1
12 51 1
122 3 1
137 145 1
100 12 1
107 7 1
141 152 1
117 137 1
0 152 1
32 67 1
129 131 1
164 104 1
49 147 1
32 9 1
0 8 1
167 29 1
14 13 1
43 21 1
124 36 1
128 50 1
145 13 1
135 10 1
99 83 1
134 15 1
52 139 1
159 133 1
173 130 1
156 69 1
53 49 1
65 168 1
27 61 1
160 81 1
176 10 1
172 140 1
25 48 1
161 60 1
85 71 1
29 95 1
150 137 1
94 66 1
58 76 1
179 1 1
9 80 1
143 63 1
68 24 1
93 14 1
99 10 1
26 50 1
162 12 1
48 148 1
150 93 1
57 126 1
179 155 1
166 56 1
21 90 1
63 145 1
177 72 1
132 135 1
28 44 1
168 161 1
90 143 1
131 95 1
171 175 1
7 59 1
25 121 1
20 156 1
1 23 1
74 177 1
174 44 1
177 106 1
124 157 1
56 29 1
31 178 1
106 172 1
101 141 1
111 71 1
66 71 1
91 62 1
38 19 1
158 19 1
32 45 1
48 159 1
35 6 1
105 6 1
88 74 1
0 115 1
123 117 1
38 24 1
8 90 1
35 84 1
132 113 1
63 178 1
89 86 1
142 23 1
169 122 1
96 24 1
143 175 1
37 146 1
79 173 1
19 151 1
144 55 1
