200 2 3 911468 1 1527 2 1760911656
0.66638
0.56306
-0.469708
-1.32288
-1.24444
-0.510613
-0.832613
-0.909986
-0.805354
-0.30398
-0.441335
-1.52607
-1.6118
-0.0381273
-0.195274
-0.629308
0.934496
0.0837444
-0.377448
1.00216
-1.26994
1.41259
0.347777
0.576521
1.12546
1.04233
0.42395
-0.202289
-1.25385
-1.62581
-0.978984
0.479158
0.204476
0.583798
-0.873776
-0.258473
0.230811
0.00631967
-0.70733
0.444283
0.655364
-0.542116
0.459163
-0.405243
1.05042
0.779672
0.343099
0.447282
1.87924
-0.105022
0.275465
-0.121783
-2.7892
1.79014
1.50634
-0.958749
-0.182108
0.293087
-1.23367
-1.70032
-0.24818
0.92077
-0.485498
-1.23378
-1.18826
-0.0892546
-0.359383
-0.0684112
1.21803
-0.136592
-0.325982
-0.552712
-0.650422
-0.253057
0.116366
-0.239693
0.598584
-0.523386
-1.77417
-0.493201
-0.899071
1.20953
-0.77674
1.19908
-0.874028
-0.610484
-2.55408
-0.530283
1.00886
0.873482
-0.451612
-2.24376
-0.646689
0.665234
0.397344
-0.675874
-1.02089
0.0156535
-0.267669
1.73629
-1.17459
0.587839
-0.683944
0.226018
0.204003
0.558537
-0.94615
0.775535
-0.020187
-0.0558867
-0.817346
1.37434
0.686447
-0.994553
1.00736
0.539835
-1.10744
-1.18145
0.0377003
1.62626
2.08744
0.363387
-1.23848
0.434121
-1.0966
-0.88418
-0.662256
-0.470138
0.300755
-1.68954
0.824061
-0.613091
0.993393
-1.49962
-1.14187
2.59596
0.129404
-0.870564
0.254096
1.71372
0.347773
-0.438828
-0.592077
-0.337107
-1.42076
1.90738
-0.901159
0.119017
0.522944
-1.25697
-0.118619
-0.70067
-1.64565
-0.520213
-0.213481
-0.838616
0.558165
1.15066
1.74476
0.625854
0.873007
-1.98081
0.398678
-1.54804
-1.4836
-0.0819766
-1.13354
0.32246
-1.11387
-0.758848
-0.889968
-0.865231
-0.740541
-0.775486
0.180037
-0.522098
-0.222197
0.671836
0.112069
-0.202411
-2.11163
-0.0068436
-0.902688
0.824319
1.30687
0.488349
-0.394565
-0.356829
-0.178445
-1.10119
0.187299
0.807253
0.0211666
-1.33067
-0.0643398
-0.102827
-1.86366
0.995458
0.644283
0.951126
