200 2 3 300 1 300 1760911527
14 59 1
6 16 1
113 53 1
121 44 1
72 58 1
92 8 1
184 154 1
124 177 1
114 67 1
129 45 1
29 27 1
111 86 1
172 106 1
149 52 1
119 63 1
127 192 1
68 64 1
166 112 1
78 93 1
139 25 1
164 168 1
90 152 1
199 54 1
102 198 1
19 118 1
153 53 1
94 81 1
15 119 1
141 10 1
38 105 1
39 99 1
39 43 1
111 43 1
123 184 1
77 92 1
52 73 1
47 64 1
186 109 1
74 135 1
93 188 1
83 186 1
50 47 1
2 151 1
33 81 1
154 100 1
73 0 1
170 75 1
105 190 1
146 34 1
88 91 1
26 10 1
192 117 1
133 102 1
26 181 1
124 94 1
191 134 1
151 6 1
121 7 1
144 82 1
150 44 1
179 30 1
57 111 1
21 141 1
149 35 1
177 56 1
34 14 1
136 95 1
152 30 1
38 23 1
52 90 1
122 114 1
195 103 1
69 61 1
15 144 1
78 183 1
198 96 1
32 148 1
13 139 1
104 50 1
155 175 1
155 65 1
44 144 1
125 42 1
169 115 1
61 54 1
40 59 1
31 197 1
85 62 1
125 137 1
65 71 1
136 114 1
80 116 1
43 0 1
169 80 1
148 82 1
176 143 1
98 155 1
117 189 1
55 1 1
158 18 1
89 10 1
159 78 1
4 115 1
98 180 1
53 17 1
92 97 1
4 48 1
20 24 1
132 135 1
138 98 1
116 183 1
23 163 1
172 101 1
128 40 1
24 50 1
166 196 1
79 62 1
184 14 1
51 25 1
167 186 1
150 130 1
162 103 1
166 48 1
3 29 1
142 36 1
125 63 1
75 68 1
9 161 1
55 134 1
157 112 1
80 37 1
6 110 1
90 106 1
28 132 1
74 150 1
136 137 1
193 180 1
132 116 1
120 16 1
12 34 1
57 138 1
73 46 1
103 176 1
182 79 1
19 77 1
87 28 1
145 86 1
22 38 1
88 124 1
30 159 1
101 171 1
85 162 1
109 74 1
33 122 1
130 108 1
31 4 1
100 119 1
185 194 1
67 41 1
157 113 1
76 70 1
27 72 1
33 19 1
117 143 1
180 25 1
156 112 1
22 70 1
0 163 1
178 104 1
140 199 1
107 160 1
70 17 1
120 3 1
167 84 1
182 147 1
75 17 1
18 140 1
46 187 1
36 48 1
115 118 1
188 21 1
171 194 1
23 47 1
164 196 1
87 177 1
40 20 1
56 32 1
145 96 1
134 37 1
120 83 1
11 199 1
51 81 1
173 16 1
158 72 1
29 31 1
35 130 1
174 21 1
86 191 1
95 8 1
57 66 1
5 189 1
197 84 1
27 45 1
42 157 1
11 127 1
139 170 1
49 64 1
198 129 1
190 36 1
66 7 1
153 35 1
106 129 1
141 110 1
85 195 1
63 147 1
170 172 1
152 174 1
1 108 1
71 13 1
32 107 1
79 156 1
8 154 1
20 160 1
121 89 1
69 195 1
171 178 1
12 146 1
173 56 1
46 175 1
135 69 1
173 62 1
99 102 1
24 84 1
54 60 1
131 146 1
104 51 1
58 55 1
138 191 1
168 187 1
41 169 1
176 82 1
45 140 1
156 188 1
160 61 1
137 183 1
161 149 1
181 197 1
93 128 1
91 58 1
2 126 1
151 5 1
109 163 1
65 178 1
9 39 1
9 165 1
42 174 1
83 97 1
189 110 1
122 131 1
133 101 1
7 185 1
18 28 1
143 131 1
76 99 1
108 26 1
194 88 1
123 126 1
193 175 1
159 68 1
193 37 1
179 126 1
96 185 1
192 165 1
164 3 1
182 179 1
181 12 1
97 77 1
153 67 1
133 158 1
187 66 1
165 59 1
105 71 1
22 1 1
168 15 1
89 11 1
5 107 1
161 118 1
94 167 1
49 113 1
13 95 1
60 142 1
100 145 1
2 49 1
148 128 1
162 196 1
91 123 1
41 87 1
147 76 1
142 190 1
127 60 1
