200 2 3 300 1 300 1760911520
82 60 1
172 72 1
181 145 1
134 15 1
20 76 1
108 10 1
28 51 1
61 59 1
24 41 1
75 168 1
51 15 1
43 127 1
167 186 1
132 106 1
112 16 1
119 24 1
139 73 1
64 94 1
9 106 1
80 105 1
177 55 1
66 146 1
30 26 1
46 8 1
1 34 1
154 70 1
175 43 1
157 138 1
0 59 1
104 82 1
66 194 1
61 84 1
78 82 1
53 156 1
184 81 1
143 79 1
23 95 1
10 87 1
130 45 1
168 138 1
73 131 1
179 69 1
198 98 1
81 137 1
27 147 1
2 65 1
48 129 1
187 102 1
131 46 1
108 149 1
46 122 1
35 52 1
90 6 1
86 49 1
68 60 1
59 75 1
142 76 1
24 11 1
193 148 1
64 38 1
119 35 1
187 169 1
3 93 1
139 56 1
23 40 1
7 50 1
19 120 1
63 49 1
1 14 1
74 97 1
28 36 1
77 87 1
179 117 1
45 29 1
189 136 1
198 193 1
121 167 1
162 95 1
146 70 1
177 27 1
123 92 1
47 176 1
30 130 1
135 125 1
0 115 1
63 25 1
108 77 1
56 52 1
98 135 1
5 71 1
145 85 1
102 67 1
51 147 1
91 166 1
151 103 1
89 69 1
67 197 1
188 197 1
92 178 1
192 173 1
144 7 1
11 36 1
95 79 1
133 80 1
118 119 1
151 101 1
145 155 1
79 69 1
94 168 1
21 72 1
128 192 1
180 76 1
100 3 1
93 75 1
194 55 1
97 50 1
160 120 1
141 184 1
42 84 1
169 111 1
159 63 1
37 58 1
12 9 1
126 90 1
88 128 1
142 192 1
161 137 1
189 133 1
110 107 1
178 114 1
158 196 1
97 154 1
127 30 1
152 153 1
49 167 1
147 176 1
33 1 1
15 163 1
126 114 1
54 25 1
116 5 1
31 130 1
193 88 1
107 96 1
5 131 1
157 191 1
118 22 1
18 53 1
90 48 1
136 173 1
18 186 1
115 124 1
177 67 1
182 150 1
112 199 1
54 6 1
105 178 1
33 14 1
99 103 1
57 137 1
109 179 1
134 48 1
111 41 1
93 18 1
113 166 1
180 45 1
134 159 1
87 74 1
116 148 1
138 195 1
83 140 1
165 199 1
183 39 1
152 113 1
71 117 1
94 74 1
92 163 1
185 141 1
190 6 1
159 162 1
47 106 1
44 183 1
160 161 1
41 124 1
153 83 1
162 32 1
163 150 1
100 14 1
149 123 1
96 86 1
28 89 1
35 2 1
4 102 1
170 171 1
19 20 1
143 91 1
52 132 1
156 164 1
129 117 1
85 33 1
144 123 1
128 121 1
172 183 1
88 57 1
42 54 1
83 21 1
58 34 1
104 191 1
152 174 1
135 199 1
156 158 1
185 175 1
31 125 1
154 21 1
165 4 1
13 188 1
142 50 1
109 148 1
86 60 1
29 136 1
70 107 1
127 68 1
158 181 1
55 110 1
124 81 1
42 196 1
2 113 1
26 189 1
100 53 1
198 103 1
171 72 1
57 37 1
25 182 1
170 122 1
99 98 1
62 11 1
89 84 1
101 160 1
153 144 1
122 169 1
146 7 1
110 68 1
195 12 1
38 114 1
58 185 1
149 164 1
78 61 1
43 29 1
133 22 1
186 190 1
125 157 1
171 165 1
16 10 1
139 104 1
143 3 1
71 175 1
65 173 1
38 8 1
182 40 1
47 31 1
161 176 1
126 129 1
115 120 1
85 26 1
96 170 1
141 73 1
4 40 1
101 166 1
32 116 1
34 172 1
0 65 1
22 184 1
62 44 1
140 62 1
37 80 1
23 77 1
180 174 1
140 27 1
78 32 1
17 196 1
187 8 1
195 17 1
155 64 1
164 181 1
121 150 1
194 111 1
36 39 1
20 105 1
99 17 1
174 190 1
191 112 1
118 13 1
56 155 1
16 132 1
44 197 1
109 151 1
19 9 1
91 188 1
66 12 1
39 13 1
