200 2 3 911462 1 1523 2 1760911651
0.481852
-0.625377
-0.857581
0.306626
0.838454
0.5119
-0.304679
0.856284
0.534832
-1.46428
-0.761514
0.174408
-0.359867
-0.348954
0.531102
-0.427944
1.67804
0.868562
-0.126624
1.11311
-0.974064
-1.09118
-0.310174
-0.312016
0.309004
-0.253933
-0.0990425
-0.505725
-1.47697
1.36367
0.43128
-0.474957
1.21359
-0.161461
1.35665
0.909204
-0.335677
-1.43479
-0.0335819
-0.0557284
-0.0646715
0.923926
-0.272757
-0.214593
2.03295
-0.674016
0.44291
0.547989
0.279376
-0.264027
-0.151539
-0.774183
0.817925
0.152902
-1.49649
-0.232782
-0.240101
-0.998483
0.0208132
-1.24347
0.874167
0.907425
-0.493771
-0.563676
1.46789
0.0871312
0.539061
-0.281828
-0.408685
1.47917
0.249199
0.262633
-0.238003
-0.860838
-1.41756
1.6641
-1.57239
0.307941
-1.73953
-0.478844
0.931188
-0.0522502
0.660454
-0.502829
-0.3494
1.12047
-0.566051
-1.72443
-0.628876
0.596325
0.916312
0.196581
-0.0554563
1.98944
-0.13819
-0.0043707
-1.79777
-0.790303
-1.47569
-1.15915
-0.102925
-0.851281
-0.368172
-1.36731
0.30833
-0.0351399
-0.259254
0.525168
-0.247484
0.54681
0.870838
0.946365
1.33054
-0.849823
1.873
-1.10109
-0.233852
0.152732
1.5745
0.292486
-0.725836
0.403406
0.435358
-0.332904
1.62536
-0.398385
0.748079
-0.978104
-0.516589
-0.856097
1.03761
-0.313096
-0.553387
1.34503
-0.518181
-0.0590727
-1.63759
0.994262
0.37055
-1.62177
-0.00355419
-0.594775
-1.05034
2.10507
-0.321297
0.560849
-1.49964
1.3294
-1.11907
-2.0942
-0.331976
-1.11684
-0.340769
0.0410081
-1.50477
0.962387
-0.603192
-1.49338
0.0280613
-0.587644
0.581193
-0.270106
0.95566
-1.19401
-1.34415
0.557732
-0.287853
-1.11792
0.0254363
0.76079
-1.16623
-0.949676
-0.0569364
0.149519
0.49569
-1.77225
-0.414169
-1.7457
1.47966
-0.0614446
0.413169
-0.788151
0.156215
-0.104586
-0.231219
-0.35251
1.84669
0.5676
-0.122179
1.00277
-0.377537
-0.126924
-1.15786
-0.0616447
1.13202
-1.68397
0.689808
1.04528
0.743732
1.41657
