180 2 3 911450 1 1499 2 1760911584
-1.42594
-1.15531
-0.110386
0.422754
-0.0813895
-0.531467
-0.483002
1.1392
-0.298317
-2.7623
0.31969
-0.545334
-1.43602
0.858096
0.321895
-0.527121
0.84995
-0.585146
-0.197595
0.305385
-0.824695
-0.756384
-0.125823
0.0750684
0.356726
-0.646601
-3.06086
-0.120214
0.0418143
0.875714
0.0523155
-0.803205
-0.179572
-0.305226
-1.01987
0.405341
-0.84826
0.50232
-0.40118
0.121619
0.0936862
0.932595
-0.157682
1.25441
-1.43304
-0.0408378
1.14869
0.705173
-0.737656
-0.428637
-1.03831
0.375646
-1.08496
1.6992
-0.366595
0.429328
0.371765
0.364654
-0.712364
-0.12191
-0.488856
0.872405
1.24099
-0.891962
-0.530816
-1.05795
-0.496855
-0.336684
-1.16234
-1.73298
-0.999659
-0.301305
-1.91025
0.114352
1.37645
0.0272441
1.33217
-1.11557
-0.0842231
-1.05868
0.720542
1.10899
0.961068
-0.431965
0.998936
-0.800562
-0.584914
0.96799
-1.76557
-0.441409
-0.243218
-0.372464
-0.595569
-1.0676
1.50057
0.939163
1.46995
-1.34747
-0.379852
-0.52124
0.165079
-0.389218
0.191576
-1.08326
-1.15532
-0.271773
-1.18221
0.696233
-0.554971
0.130293
-0.86618
0.62134
0.0488344
-0.869084
-0.686547
1.19787
1.26276
0.241719
-0.960147
-0.123581
-1.81658
0.348392
-0.253356
-1.47133
1.50733
-1.06704
-0.494437
-1.04727
-1.13678
2.06819
1.30336
0.856218
-0.281087
-0.195712
0.36734
-0.705716
-3.16703
-1.86591
0.858504
0.463144
1.3825
1.10167
-0.48635
0.135206
0.34
-0.331868
-0.2199
0.484649
-1.4445
1.28245
0.0443736
1.56316
0.673485
1.27302
-0.392305
-0.20791
-0.101362
-0.970339
0.328531
-2.08728
-0.186879
1.68035
-0.935172
1.13978
-1.43599
0.173425
-0.598943
1.42079
-0.0238824
-1.86739
0.104157
0.571454
-1.35366
0.862439
1.008
0.450241
0.561027
0.125181
0.235585
-1.40273
