180 2 3 270 1 270 1760911491
68 23 1
7 112 1
97 156 1
175 172 1
119 139 1
144 169 1
35 140 1
156 23 1
85 162 1
111 73 1
165 14 1
67 164 1
103 148 1
4 118 1
179 47 1
11 76 1
29 108 1
58 41 1
4 8 1
121 96 1
97 165 1
124 21 1
40 1 1
135 139 1
37 138 1
33 42 1
69 36 1
27 20 1
5 106 1
134 50 1
23 6 1
38 57 1
91 30 1
114 0 1
57 87 1
99 28 1
164 63 1
70 97 1
22 93 1
61 86 1
64 78 1
177 31 1
0 87 1
92 169 1
37 70 1
102 108 1
53 47 1
48 71 1
14 159 1
141 142 1
161 65 1
84 78 1
145 39 1
12 83 1
33 62 1
90 51 1
118 105 1
132 151 1
53 149 1
62 161 1
59 64 1
41 9 1
144 162 1
28 120 1
98 34 1
127 1 1
84 20 1
138 152 1
105 95 1
128 114 1
154 16 1
78 45 1
80 166 1
62 43 1
121 95 1
126 131 1
26 38 1
142 158 1
79 80 1
74 139 1
94 176 1
81 137 1
70 76 1
7 178 1
141 143 1
31 168 1
105 15 1
2 107 1
177 12 1
25 8 1
168 73 1
10 125 1
104 47 1
32 74 1
159 119 1
39 114 1
81 36 1
123 67 1
29 17 1
71 26 1
177 124 1
51 45 1
136 140 1
101 163 1
117 17 1
18 94 1
167 28 1
24 155 1
71 55 1
125 8 1
40 101 1
80 103 1
120 13 1
51 63 1
88 30 1
112 44 1
136 30 1
143 6 1
119 99 1
61 163 1
48 101 1
12 98 1
9 46 1
111 132 1
151 59 1
49 172 1
52 11 1
132 3 1
122 24 1
24 22 1
27 148 1
108 138 1
43 39 1
157 38 1
84 150 1
109 98 1
18 144 1
43 68 1
112 86 1
3 115 1
32 100 1
117 81 1
115 130 1
7 83 1
155 85 1
11 37 1
163 6 1
130 89 1
152 82 1
129 92 1
99 145 1
82 77 1
116 48 1
75 153 1
50 110 1
120 173 1
137 0 1
35 145 1
116 134 1
129 127 1
160 151 1
21 10 1
66 57 1
96 176 1
19 104 1
147 46 1
32 135 1
2 126 1
103 87 1
92 54 1
65 169 1
10 130 1
137 65 1
178 66 1
167 54 1
168 150 1
54 102 1
5 69 1
41 111 1
5 122 1
142 107 1
147 158 1
146 3 1
175 113 1
154 131 1
100 77 1
113 72 1
116 86 1
29 21 1
59 77 1
154 135 1
143 13 1
117 75 1
148 160 1
56 146 1
149 36 1
147 149 1
44 127 1
109 123 1
25 55 1
79 63 1
26 82 1
170 166 1
172 34 1
136 152 1
45 68 1
166 1 1
74 93 1
49 128 1
35 15 1
159 91 1
171 173 1
164 158 1
14 167 1
61 179 1
19 72 1
121 55 1
58 76 1
90 88 1
133 153 1
60 131 1
133 128 1
67 58 1
107 110 1
75 20 1
17 173 1
73 94 1
102 89 1
90 42 1
56 179 1
175 96 1
157 25 1
122 115 1
157 161 1
109 95 1
174 171 1
153 53 1
133 170 1
104 79 1
150 118 1
42 13 1
106 100 1
134 2 1
123 88 1
165 110 1
27 64 1
89 171 1
156 49 1
52 44 1
140 178 1
52 66 1
155 40 1
146 18 1
46 16 1
4 106 1
15 125 1
22 33 1
93 83 1
31 69 1
72 176 1
60 16 1
174 9 1
126 170 1
141 19 1
129 85 1
174 34 1
160 50 1
162 91 1
56 113 1
60 124 1
