180 2 3 270 1 270 1760911494
25 154 1
38 71 1
49 95 1
47 124 1
70 150 1
85 60 1
105 25 1
175 165 1
170 91 1
127 80 1
18 153 1
47 61 1
9 72 1
46 32 1
39 172 1
53 166 1
93 147 1
129 122 1
93 33 1
37 2 1
4 99 1
44 22 1
82 83 1
103 57 1
49 26 1
169 119 1
122 41 1
17 117 1
175 39 1
133 32 1
136 103 1
137 105 1
84 91 1
79 29 1
26 101 1
168 35 1
20 41 1
14 146 1
87 127 1
58 6 1
52 152 1
18 141 1
45 20 1
44 139 1
85 28 1
135 50 1
113 0 1
82 75 1
151 17 1
156 94 1
94 13 1
114 106 1
71 133 1
21 95 1
129 72 1
177 132 1
102 85 1
111 2 1
71 141 1
3 8 1
130 173 1
12 80 1
167 36 1
62 105 1
144 96 1
53 76 1
160 114 1
82 89 1
59 102 1
14 77 1
168 163 1
42 121 1
145 170 1
52 10 1
166 78 1
107 55 1
161 87 1
149 64 1
152 86 1
45 92 1
115 8 1
14 70 1
67 89 1
24 139 1
67 72 1
99 77 1
88 56 1
49 108 1
101 158 1
84 135 1
66 9 1
97 69 1
12 109 1
65 176 1
51 67 1
156 51 1
42 153 1
110 66 1
130 116 1
114 156 1
86 24 1
74 81 1
92 68 1
107 57 1
145 173 1
73 75 1
143 8 1
50 74 1
29 86 1
108 94 1
32 116 1
133 164 1
30 104 1
13 31 1
17 162 1
134 131 1
39 18 1
30 141 1
76 174 1
99 120 1
61 100 1
104 153 1
140 3 1
121 53 1
45 47 1
157 147 1
28 10 1
25 121 1
15 68 1
6 164 1
148 118 1
118 117 1
127 165 1
19 169 1
93 97 1
164 168 1
150 176 1
135 3 1
6 123 1
78 31 1
172 102 1
90 147 1
90 27 1
120 106 1
41 98 1
46 26 1
60 79 1
36 70 1
154 108 1
125 91 1
22 162 1
1 159 1
59 48 1
61 90 1
33 113 1
113 21 1
179 171 1
167 63 1
24 157 1
87 65 1
5 96 1
178 159 1
4 158 1
63 109 1
163 27 1
11 176 1
92 151 1
161 95 1
7 124 1
23 152 1
28 81 1
145 43 1
84 0 1
48 111 1
54 122 1
174 29 1
126 79 1
68 154 1
115 15 1
22 88 1
116 42 1
98 83 1
125 35 1
144 98 1
149 23 1
69 143 1
50 107 1
140 59 1
38 19 1
132 142 1
40 56 1
34 149 1
75 0 1
54 177 1
142 5 1
16 60 1
74 4 1
160 111 1
151 55 1
66 11 1
136 89 1
112 20 1
125 138 1
21 134 1
175 78 1
58 16 1
159 110 1
179 62 1
43 150 1
52 64 1
140 35 1
57 157 1
40 131 1
55 134 1
69 77 1
139 124 1
62 73 1
101 136 1
30 166 1
148 51 1
33 129 1
126 169 1
161 118 1
104 37 1
48 155 1
10 115 1
9 126 1
120 123 1
16 146 1
143 23 1
137 177 1
112 97 1
96 38 1
100 106 1
13 1 1
2 63 1
160 179 1
34 58 1
34 128 1
165 171 1
15 138 1
37 178 1
44 54 1
19 110 1
148 7 1
171 81 1
142 146 1
83 112 1
119 174 1
103 64 1
128 40 1
172 155 1
43 123 1
170 100 1
46 73 1
163 178 1
138 119 1
137 128 1
144 130 1
117 155 1
1 158 1
109 80 1
12 56 1
167 173 1
132 5 1
36 31 1
88 11 1
7 131 1
27 162 1
76 65 1
