200 2 3 300 1 300 1760911523
35 30 1
63 76 1
117 132 1
1 164 1
52 74 1
178 110 1
101 20 1
106 13 1
175 82 1
140 12 1
137 21 1
57 56 1
44 51 1
184 64 1
31 66 1
12 98 1
187 94 1
93 155 1
16 183 1
125 34 1
45 57 1
36 81 1
13 127 1
181 196 1
51 152 1
89 162 1
58 33 1
169 192 1
164 194 1
188 85 1
167 26 1
127 116 1
74 137 1
33 118 1
186 96 1
62 51 1
8 180 1
1 53 1
77 100 1
58 59 1
154 97 1
53 184 1
174 9 1
122 161 1
50 124 1
16 149 1
34 17 1
153 70 1
118 117 1
111 136 1
84 107 1
83 139 1
60 151 1
44 136 1
194 91 1
88 133 1
5 61 1
198 141 1
105 50 1
18 172 1
55 166 1
122 144 1
150 24 1
71 63 1
194 98 1
100 113 1
199 86 1
15 27 1
42 158 1
22 104 1
190 58 1
133 67 1
50 40 1
160 48 1
138 109 1
92 8 1
79 65 1
34 86 1
81 79 1
91 40 1
113 141 1
82 112 1
104 147 1
114 142 1
20 52 1
165 41 1
78 199 1
171 56 1
57 177 1
45 2 1
19 21 1
116 197 1
131 198 1
87 107 1
186 66 1
179 4 1
75 176 1
77 193 1
27 113 1
66 129 1
93 148 1
54 166 1
103 56 1
42 159 1
42 143 1
185 170 1
18 157 1
83 49 1
36 25 1
47 37 1
95 3 1
78 146 1
195 170 1
29 43 1
156 162 1
10 199 1
119 125 1
182 12 1
132 111 1
131 127 1
70 126 1
10 168 1
183 155 1
142 130 1
29 135 1
75 108 1
64 107 1
54 123 1
128 49 1
179 160 1
92 120 1
169 15 1
46 35 1
168 53 1
187 131 1
88 6 1
132 67 1
122 32 1
71 184 1
176 143 1
124 136 1
106 101 1
72 115 1
97 198 1
163 156 1
48 13 1
43 95 1
130 101 1
150 69 1
32 96 1
120 189 1
188 62 1
90 147 1
15 23 1
38 84 1
86 22 1
153 148 1
31 176 1
52 61 1
43 174 1
154 102 1
60 5 1
39 49 1
3 72 1
111 80 1
33 129 1
159 37 1
185 161 1
47 25 1
139 149 1
170 8 1
87 172 1
141 102 1
182 119 1
28 2 1
112 20 1
14 186 1
197 18 1
128 30 1
142 38 1
182 85 1
85 163 1
178 14 1
126 140 1
152 103 1
59 93 1
183 126 1
181 156 1
69 171 1
100 134 1
173 24 1
158 139 1
114 65 1
138 14 1
180 155 1
191 151 1
19 31 1
21 41 1
16 0 1
145 17 1
65 19 1
7 1 1
9 193 1
123 119 1
23 178 1
110 168 1
171 6 1
88 35 1
106 174 1
138 169 1
81 166 1
48 193 1
115 191 1
54 45 1
62 63 1
96 64 1
67 10 1
39 158 1
121 167 1
192 154 1
135 70 1
190 55 1
89 110 1
144 189 1
117 121 1
11 172 1
135 191 1
82 4 1
22 160 1
90 46 1
149 167 1
144 125 1
116 9 1
163 92 1
27 90 1
102 134 1
94 87 1
95 164 1
165 190 1
140 75 1
197 17 1
137 28 1
36 98 1
76 179 1
105 78 1
11 40 1
112 38 1
69 121 1
59 74 1
159 26 1
97 130 1
150 26 1
146 175 1
68 129 1
68 120 1
175 83 1
99 177 1
195 3 1
188 124 1
7 29 1
114 61 1
157 148 1
103 89 1
145 153 1
152 108 1
4 55 1
196 41 1
115 162 1
77 196 1
73 72 1
91 6 1
60 192 1
73 44 1
47 0 1
147 2 1
187 134 1
39 157 1
30 173 1
177 73 1
80 76 1
23 104 1
37 84 1
195 105 1
11 151 1
108 99 1
5 109 1
32 28 1
185 145 1
24 109 1
79 165 1
173 161 1
133 189 1
0 180 1
181 99 1
128 71 1
146 94 1
80 118 1
46 7 1
123 68 1
143 25 1
