200 2 3 300 1 300 1732619734
172 14 1
171 38 1
90 45 1
175 114 1
191 145 1
103 78 1
64 147 1
134 172 1
66 23 1
64 13 1
62 27 1
180 78 1
170 80 1
0 93 1
99 174 1
107 144 1
98 173 1
77 180 1
25 15 1
30 2 1
51 65 1
130 72 1
115 22 1
158 60 1
150 128 1
58 43 1
17 18 1
91 157 1
16 68 1
97 198 1
142 104 1
114 97 1
61 157 1
124 141 1
45 8 1
166 53 1
166 89 1
127 28 1
32 169 1
122 142 1
110 73 1
109 129 1
54 66 1
55 162 1
15 124 1
168 58 1
197 12 1
42 54 1
62 72 1
88 162 1
65 89 1
164 175 1
116 68 1
137 177 1
155 196 1
49 159 1
158 129 1
19 5 1
174 27 1
154 132 1
120 59 1
98 3 1
108 175 1
163 135 1
149 48 1
44 138 1
95 83 1
161 173 1
85 178 1
194 186 1
47 52 1
86 146 1
44 37 1
192 13 1
187 57 1
183 78 1
100 190 1
159 100 1
149 156 1
91 94 1
116 104 1
70 107 1
145 84 1
65 23 1
152 92 1
164 123 1
3 185 1
40 132 1
69 111 1
71 49 1
77 138 1
144 196 1
163 153 1
105 71 1
7 45 1
122 169 1
77 59 1
80 111 1
113 160 1
30 90 1
130 137 1
116 15 1
94 61 1
141 28 1
32 64 1
131 127 1
126 115 1
113 6 1
66 132 1
134 74 1
67 125 1
43 46 1
125 37 1
63 50 1
147 143 1
95 92 1
179 157 1
181 83 1
35 96 1
53 99 1
11 167 1
23 195 1
117 196 1
193 1 1
42 189 1
135 108 1
9 185 1
113 121 1
71 193 1
89 167 1
13 54 1
105 141 1
195 183 1
9 58 1
140 148 1
34 19 1
21 91 1
123 151 1
126 198 1
182 188 1
162 74 1
101 171 1
79 46 1
4 79 1
185 92 1
133 96 1
82 81 1
32 119 1
42 102 1
154 14 1
117 148 1
188 191 1
120 118 1
50 178 1
39 98 1
150 198 1
33 106 1
172 158 1
139 79 1
151 38 1
109 140 1
148 112 1
174 180 1
7 26 1
145 106 1
177 60 1
20 128 1
48 152 1
139 171 1
5 135 1
194 136 1
106 192 1
33 119 1
70 22 1
94 177 1
140 179 1
73 47 1
165 123 1
52 199 1
142 144 1
25 189 1
80 4 1
20 111 1
30 168 1
8 39 1
190 8 1
121 161 1
70 101 1
193 10 1
87 88 1
104 38 1
170 119 1
131 110 1
33 199 1
86 112 1
37 43 1
72 48 1
34 199 1
93 76 1
67 40 1
87 149 1
57 163 1
176 153 1
46 63 1
5 115 1
19 124 1
41 3 1
165 18 1
128 29 1
103 55 1
160 191 1
167 146 1
169 114 1
2 1 1
184 84 1
183 7 1
110 39 1
152 16 1
76 29 1
75 181 1
35 4 1
24 82 1
164 93 1
143 156 1
95 188 1
21 137 1
102 133 1
176 125 1
181 85 1
182 0 1
160 0 1
150 121 1
81 130 1
170 17 1
59 69 1
178 153 1
67 159 1
173 151 1
34 53 1
190 57 1
118 11 1
112 40 1
108 165 1
187 102 1
103 68 1
84 131 1
197 31 1
25 63 1
107 36 1
27 85 1
138 56 1
101 136 1
168 41 1
133 62 1
166 49 1
26 126 1
17 69 1
146 90 1
99 118 1
73 122 1
61 16 1
83 10 1
31 51 1
184 195 1
12 154 1
28 41 1
26 75 1
51 88 1
143 184 1
35 11 1
179 9 1
187 10 1
161 182 1
117 189 1
55 56 1
120 76 1
176 194 1
97 29 1
100 18 1
74 56 1
127 192 1
47 147 1
81 52 1
134 139 1
31 50 1
186 14 1
87 6 1
22 155 1
24 109 1
36 20 1
60 136 1
2 86 1
186 155 1
105 44 1
96 12 1
24 129 1
82 197 1
1 36 1
6 75 1
156 21 1
