180 2 3 676263 1 6300 2 1749676330
-0.730317
-1.09031
0.893946
-0.369375
-0.780103
-0.502425
-1.74948
-0.816423
-0.326646
-0.462605
-0.705308
0.540618
0.655263
0.291748
0.601704
-0.191113
-1.31896
0.648978
-0.291512
0.695526
-1.99551
-0.350527
1.9983
-1.02188
0.27804
-1.64176
-0.531247
1.70413
0.551517
1.23057
0.462681
-1.38351
-0.555544
-0.11402
1.13751
-1.13831
-0.292971
0.508813
-0.468614
2.43961
0.325777
-0.609337
-0.675631
-0.243632
-2.25347
0.427658
0.573992
1.39189
0.453725
-2.2185
-1.40888
1.33115
-0.814896
-0.564395
-1.44864
-0.832843
0.510875
-0.390082
1.82213
2.98504
1.00766
-0.794326
0.661289
2.05242
2.14551
-0.262933
-1.36742
-0.895411
-0.532274
0.474734
-0.750281
-0.785205
-0.233622
-0.0888034
-0.46943
0.336114
-0.568216
-1.40955
0.248099
-0.674967
-0.517362
1.36368
1.36987
0.818452
0.853941
-1.15546
-0.315163
1.0533
0.0427832
-1.69657
-0.551862
0.20456
-0.443609
-0.929651
-0.42599
-0.758611
-1.8035
0.180161
0.225955
2.22906
-0.183472
0.947945
-0.090659
-0.479567
2.44403
-0.740091
-2.50403
-0.0867584
0.0243749
0.631887
0.93006
1.07269
-1.87011
1.65692
0.564943
-0.529814
1.27559
-0.0964368
-0.0519852
-0.136354
-0.00982019
0.0376956
2.25469
-0.658078
-0.847109
-1.00397
0.247915
-1.16577
-0.54951
0.745392
1.41867
-1.07578
-0.284289
-1.70036
-0.0419081
-2.07524
-0.353931
1.60052
-1.0199
-0.0059941
1.98838
2.00049
-0.000388019
0.500221
0.817232
2.31907
1.61625
0.0685982
0.550545
0.0900676
-1.43558
0.461107
0.207018
-0.654473
-0.531978
-1.22979
0.0695306
-0.213975
-2.20665
1.68096
0.246509
-1.29788
0.267612
-1.06075
-0.886412
0.027361
-0.391045
0.402367
0.144196
0.170109
-0.455292
0.340108
1.28229
0.541646
1.82809
-0.582245
1.00578
0.718756
0.0287198
-0.830519
