200 2 3 300 1 300 1732645526
15 50 1
24 1 1
139 149 1
127 101 1
73 3 1
120 45 1
162 141 1
16 18 1
188 143 1
94 78 1
116 86 1
4 115 1
135 81 1
23 178 1
43 184 1
24 26 1
190 111 1
72 167 1
29 33 1
118 92 1
150 103 1
163 102 1
186 44 1
47 191 1
9 84 1
164 124 1
157 67 1
57 10 1
169 156 1
126 43 1
39 42 1
74 125 1
6 185 1
1 156 1
146 173 1
117 87 1
131 34 1
19 21 1
53 71 1
101 100 1
8 92 1
78 16 1
75 51 1
40 174 1
35 54 1
107 120 1
67 53 1
51 150 1
184 68 1
27 69 1
63 68 1
155 42 1
64 52 1
96 140 1
93 61 1
127 90 1
75 44 1
70 30 1
181 28 1
117 143 1
102 165 1
15 171 1
172 176 1
46 14 1
84 189 1
99 176 1
187 9 1
118 6 1
106 49 1
50 119 1
145 54 1
85 46 1
171 149 1
59 70 1
79 135 1
137 13 1
195 132 1
180 169 1
83 56 1
80 144 1
38 47 1
83 85 1
13 145 1
20 32 1
136 181 1
63 83 1
129 100 1
152 199 1
20 155 1
61 18 1
82 88 1
82 147 1
52 108 1
136 191 1
11 155 1
18 49 1
170 116 1
69 30 1
47 168 1
128 62 1
56 48 1
141 58 1
61 72 1
199 179 1
151 98 1
77 7 1
115 158 1
172 11 1
74 123 1
5 7 1
121 3 1
46 60 1
164 73 1
138 22 1
17 77 1
27 183 1
129 12 1
91 87 1
194 187 1
170 99 1
148 29 1
34 121 1
197 64 1
33 176 1
98 91 1
10 56 1
59 104 1
88 190 1
77 179 1
19 187 1
95 36 1
162 105 1
173 130 1
170 146 1
183 196 1
161 108 1
122 94 1
160 90 1
42 16 1
188 180 1
93 43 1
180 154 1
89 114 1
130 99 1
147 104 1
139 32 1
57 62 1
41 17 1
87 66 1
157 25 1
2 64 1
40 137 1
163 121 1
107 191 1
181 60 1
142 48 1
38 59 1
168 39 1
10 152 1
198 3 1
98 152 1
164 105 1
79 124 1
193 113 1
92 192 1
159 12 1
124 148 1
129 85 1
189 167 1
126 57 1
76 103 1
60 151 1
19 196 1
8 91 1
149 183 1
62 29 1
45 158 1
0 186 1
76 38 1
9 116 1
113 6 1
25 55 1
35 139 1
177 156 1
8 95 1
160 104 1
193 175 1
15 14 1
192 50 1
40 80 1
120 125 1
101 146 1
134 82 1
145 109 1
179 65 1
25 132 1
112 153 1
150 122 1
186 106 1
23 188 1
109 175 1
93 158 1
166 134 1
194 11 1
160 45 1
2 79 1
69 154 1
33 53 1
81 58 1
52 109 1
151 78 1
26 167 1
189 24 1
172 123 1
54 81 1
119 131 1
195 153 1
27 133 1
13 35 1
26 76 1
88 177 1
22 165 1
36 86 1
30 51 1
140 171 1
110 34 1
7 165 1
182 37 1
173 115 1
159 140 1
185 135 1
128 22 1
23 70 1
73 193 1
119 143 1
157 112 1
142 108 1
86 0 1
110 161 1
20 89 1
97 4 1
126 197 1
198 96 1
190 97 1
100 130 1
31 138 1
131 177 1
162 169 1
48 2 1
14 153 1
184 132 1
111 71 1
89 36 1
142 1 1
178 80 1
44 102 1
55 39 1
182 31 1
117 67 1
147 90 1
138 196 1
159 55 1
141 128 1
68 118 1
4 194 1
166 195 1
199 148 1
137 113 1
161 32 1
84 168 1
66 103 1
182 58 1
41 198 1
5 105 1
174 41 1
114 133 1
197 37 1
66 21 1
28 5 1
174 123 1
97 31 1
127 94 1
192 65 1
111 72 1
134 28 1
175 75 1
114 166 1
185 107 1
163 144 1
21 95 1
178 144 1
49 12 1
63 122 1
136 74 1
154 133 1
17 71 1
125 106 1
37 0 1
65 112 1
110 96 1
