180 2 3 270 1 270 1760911499
16 21 1
42 176 1
10 72 1
12 59 1
138 105 1
176 148 1
175 75 1
51 73 1
108 75 1
133 161 1
18 124 1
46 84 1
139 15 1
49 14 1
73 173 1
48 55 1
29 165 1
0 154 1
175 147 1
0 100 1
19 32 1
93 174 1
156 117 1
116 176 1
11 7 1
94 161 1
33 150 1
112 152 1
108 96 1
55 25 1
79 178 1
67 0 1
151 65 1
85 40 1
10 23 1
155 114 1
44 106 1
17 153 1
153 58 1
4 53 1
172 88 1
7 73 1
172 120 1
35 109 1
35 44 1
59 163 1
23 89 1
163 90 1
54 20 1
29 137 1
64 1 1
99 28 1
103 78 1
87 117 1
91 135 1
148 169 1
147 82 1
62 77 1
70 3 1
58 90 1
168 102 1
47 43 1
113 150 1
9 2 1
141 119 1
9 66 1
78 171 1
18 37 1
114 64 1
1 83 1
171 172 1
39 118 1
24 173 1
60 68 1
84 21 1
156 59 1
145 100 1
123 164 1
28 47 1
115 8 1
40 113 1
39 65 1
141 102 1
44 93 1
160 36 1
134 12 1
153 101 1
92 57 1
131 122 1
11 61 1
143 98 1
87 119 1
126 27 1
83 5 1
136 146 1
120 132 1
167 15 1
54 13 1
4 9 1
157 53 1
157 142 1
76 86 1
30 74 1
95 121 1
71 49 1
114 91 1
27 134 1
69 38 1
52 110 1
17 77 1
149 130 1
6 111 1
107 36 1
179 158 1
38 168 1
50 89 1
1 134 1
70 94 1
106 3 1
94 23 1
10 6 1
179 100 1
140 3 1
131 72 1
71 137 1
63 7 1
165 159 1
178 95 1
87 127 1
32 178 1
76 31 1
52 17 1
154 15 1
50 16 1
143 14 1
175 71 1
177 57 1
81 31 1
129 105 1
12 8 1
143 26 1
129 145 1
116 57 1
56 98 1
118 77 1
24 33 1
25 36 1
109 74 1
97 46 1
35 162 1
63 146 1
140 45 1
110 13 1
166 105 1
61 83 1
128 164 1
69 102 1
45 124 1
80 119 1
125 179 1
97 162 1
90 128 1
103 79 1
101 47 1
115 157 1
48 60 1
109 167 1
52 149 1
166 161 1
101 139 1
76 169 1
34 136 1
135 144 1
45 63 1
122 149 1
165 126 1
50 110 1
130 4 1
133 26 1
27 65 1
61 91 1
177 67 1
138 2 1
147 159 1
139 121 1
46 56 1
37 104 1
21 64 1
116 163 1
42 111 1
155 151 1
41 133 1
88 80 1
67 124 1
131 29 1
162 38 1
92 30 1
34 141 1
39 113 1
132 142 1
171 152 1
95 41 1
2 55 1
78 70 1
53 68 1
148 74 1
177 18 1
138 22 1
16 85 1
54 125 1
120 107 1
82 98 1
43 93 1
144 68 1
112 132 1
5 104 1
81 20 1
85 174 1
164 152 1
75 160 1
103 80 1
19 86 1
170 13 1
106 170 1
41 37 1
140 82 1
158 32 1
135 84 1
11 14 1
130 26 1
159 69 1
22 33 1
115 99 1
107 86 1
34 111 1
22 168 1
128 129 1
155 40 1
117 81 1
127 99 1
158 96 1
104 79 1
24 58 1
19 108 1
5 6 1
126 125 1
137 88 1
92 173 1
62 127 1
150 51 1
43 62 1
31 48 1
96 146 1
49 8 1
145 118 1
42 20 1
167 154 1
121 123 1
97 160 1
136 72 1
166 142 1
51 28 1
174 112 1
30 25 1
66 169 1
122 144 1
56 123 1
89 151 1
66 156 1
170 60 1
